33.6311529, -98.0071707
33.6311542, -98.0071699
33.6312267, -98.0041917
33.631361, -98.004461
33.6314973, -98.0047309
33.6316325, -98.0050029
33.6317687, -98.0052734
33.6319026, -98.0055419
33.632038, -98.0058096
33.6321719, -98.0060796
33.6323072, -98.0063513
33.6324426, -98.0066239
33.6325782, -98.0068952
33.6327134, -98.0071705
33.6328505, -98.0074386
33.6329862, -98.0077091
33.6331215, -98.0079808
33.6332579, -98.0082534
33.6333942, -98.0085269
33.6335292, -98.0087974
33.6336652, -98.0090712
33.6338009, -98.0093413
33.6339371, -98.0096128
33.6340739, -98.009887
33.63421, -98.0101595
33.6343459, -98.0104305
33.6344809, -98.0107033
33.6346166, -98.0109741
33.6347534, -98.011247
33.6348888, -98.0115183
33.6350243, -98.0117898
33.6351608, -98.0120615
33.6352959, -98.0123342
33.6354325, -98.0126061
33.6355672, -98.0128768
33.6357028, -98.0131508
33.6358392, -98.0134214
33.6359752, -98.0136938
33.6361109, -98.0139673
33.6362465, -98.014237
33.6363824, -98.0145104
33.6365194, -98.0147823
33.6366551, -98.0150541
33.6367922, -98.0153281
33.636907, -98.0156097
33.6370334, -98.0158848
33.6371651, -98.0161607
33.6372959, -98.0164348
33.6374263, -98.0167124
33.6375579, -98.0169866
33.637691, -98.0172607
33.6378217, -98.0175337
33.637954, -98.017809
33.6380858, -98.018085
33.6382177, -98.0183581
33.638348, -98.0186345
33.6384801, -98.018907
33.6386123, -98.019183
33.6387441, -98.0194584
33.6388762, -98.0197325
33.639008, -98.0200076
33.6391403, -98.0202831
33.6392716, -98.0205578
33.6394043, -98.0208343
33.6395353, -98.0211074
33.6396666, -98.021381
33.6397996, -98.0216563
33.639931, -98.0219325
33.640063, -98.0222071
33.6401955, -98.0224818
33.6403266, -98.0227573
33.640458, -98.0230327
33.6405904, -98.0233072
33.6407222, -98.0235817
33.6408524, -98.0238554
33.6409841, -98.02413
33.6411117, -98.0244085
33.6412377, -98.0246877
33.6413638, -98.0249687
33.6414885, -98.0252481
33.6416146, -98.0255279
33.6417393, -98.0258072
33.641865, -98.0260863
33.6419888, -98.0263646
33.6421145, -98.0266455
33.642238, -98.0269256
33.642363, -98.0272054
33.6424882, -98.0274867
33.6426135, -98.0277656
33.6427387, -98.0280455
33.6428635, -98.0283247
33.6429888, -98.0286036
33.6431136, -98.0288829
33.6432387, -98.0291629
33.6433635, -98.0294422
33.6434882, -98.0297221
33.6436134, -98.0300012
33.6437381, -98.0302825
33.6438629, -98.0305619
33.6439882, -98.030841
33.644113, -98.031121
33.6442377, -98.0314011
33.6443629, -98.0316805
33.6444877, -98.0319604
33.6446124, -98.0322403
33.6447376, -98.0325197
33.6448623, -98.0327991
33.6449869, -98.0330789
33.6451121, -98.0333579
33.6452374, -98.0336378
33.6453622, -98.0339178
33.6454874, -98.0341969
33.6456121, -98.0344773
33.6457367, -98.0347566
33.6458619, -98.0350356
33.6459866, -98.0353166
33.6461113, -98.0355959
33.6462365, -98.0358749
33.6463613, -98.0361553
33.646486, -98.0364346
33.6466106, -98.0367139
33.6467358, -98.0369939
33.6468606, -98.0372732
33.6469853, -98.0375532
33.6471105, -98.0378326
33.6472352, -98.0381136
33.64736, -98.0383926
33.6474852, -98.0386717
33.6476099, -98.0389517
33.6477346, -98.0392327
33.6478598, -98.0395121
33.6479846, -98.0397913
33.6481093, -98.0400714
33.6482345, -98.0403508
33.6483593, -98.0406299
33.6484841, -98.040909
33.6486093, -98.0411881
33.648734, -98.0414682
33.6488588, -98.0417483
33.6489835, -98.0420283
33.6491087, -98.0423075
33.6492334, -98.0425875
33.6493586, -98.0428676
33.6494833, -98.0431477
33.649608, -98.0434269
33.6497326, -98.0437063
33.6498579, -98.0439863
33.6499826, -98.0442655
33.6501079, -98.0445455
33.6502326, -98.0448247
33.6503573, -98.0451041
33.6504819, -98.0453831
33.6506072, -98.0456631
33.650732, -98.0459423
33.6508567, -98.0462216
33.6509819, -98.0465008
33.6511066, -98.0467799
33.6512318, -98.047059
33.6513565, -98.0473382
33.6514812, -98.0476182
33.6516058, -98.0478974
33.6517305, -98.0481775
33.6518557, -98.0484568
33.6519804, -98.048736
33.6521056, -98.049015
33.6522304, -98.0492944
33.652355, -98.0495734
33.6524797, -98.0498536
33.6526049, -98.0501326
33.6527297, -98.0504118
33.6528544, -98.050691
33.6529789, -98.0509701
33.6531042, -98.0512495
33.653229, -98.0515286
33.6533537, -98.0518087
33.6534785, -98.052088
33.6536032, -98.0523672
33.6537278, -98.0526465
33.6538525, -98.0529265
33.6539777, -98.0532059
33.6541025, -98.0534851
33.6542272, -98.0537644
33.6543519, -98.0540436
33.6544765, -98.054323
33.6546012, -98.0546022
33.6547259, -98.0548813
33.6548505, -98.0551607
33.6549752, -98.0554398
33.6550999, -98.0557191
33.6552245, -98.0559983
33.6553492, -98.0562776
33.6554739, -98.0565569
33.6555985, -98.0568361
33.6557232, -98.0571155
33.6558479, -98.0573947
33.6559725, -98.0576741
33.6560972, -98.0579532
33.6562219, -98.0582324
33.6563465, -98.0585118
33.6564712, -98.0587909
33.6565959, -98.0590702
33.6567205, -98.0593494
33.6568452, -98.0596286
33.6569699, -98.0599078
33.6570945, -98.0601871
33.6572192, -98.0604662
33.6573439, -98.0607455
33.6574685, -98.0610247
33.6575932, -98.0613039
33.6577179, -98.0615831
33.6578425, -98.0618624
33.6579672, -98.0621416
33.6580919, -98.0624208
33.6582165, -98.0627
33.6583412, -98.0629793
33.6584659, -98.0632585
33.6585905, -98.0635377
33.6587152, -98.0638169
33.6588399, -98.0640962
33.6589645, -98.0643754
33.6590892, -98.0646546
33.6592139, -98.0649338
33.6593385, -98.0652131
33.6594632, -98.0654923
33.6595879, -98.0657715
33.6597125, -98.0660508
33.6598372, -98.06633
33.6599619, -98.0666092
33.6600865, -98.0668884
33.6602112, -98.0671677
33.6603359, -98.0674469
33.6604605, -98.0677261
33.6605852, -98.0680053
33.6607099, -98.0682846
33.6608345, -98.0685638
33.6609592, -98.068843
33.6610839, -98.0691222
33.6612085, -98.0694014
33.6613332, -98.0696807
33.6614579, -98.0699599
33.6615825, -98.0702391
33.6617072, -98.0705183
33.6618319, -98.0707976
33.6619565, -98.0710768
33.6620812, -98.0713559
33.6622059, -98.0716353
33.6623305, -98.0719143
33.6624552, -98.0721935
33.6625798, -98.0724729
33.6627045, -98.0727519
33.6628292, -98.0730312
33.6629538, -98.0733104
33.6630785, -98.0735896
33.6632032, -98.0738688
33.6633278, -98.0741481
33.6634525, -98.0744273
33.6635772, -98.0747065
33.6637018, -98.0749857
33.6638265, -98.075265
33.6639511, -98.0755442
33.6640758, -98.0758234
33.6642005, -98.0761026
33.6643251, -98.0763819
33.6644498, -98.0766611
33.6645744, -98.0769403
33.6646991, -98.0772195
33.6648238, -98.0774988
33.6649484, -98.0777779
33.6650731, -98.0780572
33.6651978, -98.0783364
33.6653224, -98.0786156
33.6654471, -98.0788948
33.6655718, -98.0791741
33.6656964, -98.0794533
33.6658211, -98.0797325
33.6659457, -98.0800117
33.6660704, -98.0802909
33.6661951, -98.0805702
33.6663197, -98.0808494
33.6664444, -98.0811286
33.666569, -98.0814078
33.6666937, -98.0816871
33.6668184, -98.0819663
33.666943, -98.0822455
33.6670677, -98.0825247
33.6671924, -98.082804
33.6673169, -98.083083
33.6674417, -98.0833624
33.6675664, -98.0836415
33.6676911, -98.0839207
33.6678157, -98.0841999
33.6679404, -98.0844791
33.668065, -98.0847583
33.6681897, -98.0850376
33.6683144, -98.0853168
33.6684389, -98.0855959
33.6685637, -98.0858753
33.6686884, -98.0861543
33.6688131, -98.0864337
33.6689377, -98.0867127
33.6690624, -98.0869325
33.6691871, -98.0872117
33.6693117, -98.0874909
33.6694364, -98.0877701
33.6695611, -98.0880493
33.6696857, -98.0883285
33.6698104, -98.0886078
33.6699349, -98.0888868
33.6700597, -98.0891662
33.6701844, -98.0894453
33.6703091, -98.0897245
33.6704337, -98.0900038
33.6705584, -98.090283
33.6706831, -98.0905622
33.6708077, -98.0908414
33.6709324, -98.0911207
33.6710571, -98.0914
33.6711817, -98.0916791
33.6713064, -98.0919584
33.6714311, -98.0922376
33.6715557, -98.0925168
33.6716804, -98.092796
33.6718051, -98.0930752
33.6719297, -98.0933544
33.6720544, -98.0936337
33.6721791, -98.0939129
33.6723037, -98.0941921
33.6724284, -98.0944713
33.672553, -98.0947505
33.6726777, -98.0950297
33.6728024, -98.095309
33.6729269, -98.0955881
33.6730517, -98.0958674
33.6731764, -98.0961466
33.6733011, -98.0964258
33.6734257, -98.096705
33.6735504, -98.0969842
33.6736751, -98.0972635
33.6737997, -98.0975427
33.6739244, -98.0978219
33.6740491, -98.0981011
33.6741737, -98.0983803
33.6742984, -98.0986596
33.6744231, -98.0989388
33.6745477, -98.099218
33.6746724, -98.0994972
33.674797, -98.0997764
33.6749217, -98.1000557
33.6750464, -98.1003349
33.6751709, -98.100614
33.6752957, -98.1008934
33.6754204, -98.1011724
33.6755451, -98.1014516
33.6756697, -98.1017308
33.6757944, -98.10201
33.6759191, -98.1022893
33.6760437, -98.1025685
33.6761684, -98.1028477
33.6762931, -98.103127
33.6764177, -98.1034061
33.6765424, -98.1036854
33.676667, -98.1039646
33.6767917, -98.1042438
33.6769164, -98.104523
33.6770409, -98.1048022
33.6771657, -98.1050815
33.6772904, -98.1053607
33.6774151, -98.1056399
33.6775397, -98.1059191
33.6776644, -98.1061984
33.6777891, -98.1064776
33.6779137, -98.1067568
33.6780384, -98.107036
33.678163, -98.1073153
33.6782877, -98.1075945
33.6784124, -98.1078737
33.6785369, -98.1081529
33.6786617, -98.1084321
33.6787864, -98.1087113
33.678911, -98.1089906
33.6790357, -98.1092698
33.6791604, -98.109549
33.6792849, -98.1098282
33.6794097, -98.1101075
33.6795344, -98.1103867
33.6796591, -98.1106659
33.6797837, -98.1109451
33.6799084, -98.1112244
33.680033, -98.1115036
33.6801577, -98.1117828
33.6802824, -98.112062
33.680407, -98.1123413
33.6805317, -98.1126205
33.6806564, -98.1128997
33.6807809, -98.1131789
33.6809057, -98.1134582
33.6810304, -98.1137374
33.6811551, -98.1140166
33.6812797, -98.1142958
33.6814044, -98.1145751
33.681529, -98.1148543
33.6816537, -98.1151335
33.6817784, -98.1154127
33.6819029, -98.1156919
33.6820277, -98.1159712
33.6821524, -98.1162504
33.6822771, -98.1165296
33.6824017, -98.1168088
33.6825264, -98.1170881
33.682651, -98.1173673
33.6827757, -98.1176465
33.6829004, -98.1179258
33.683025, -98.118205
33.6831497, -98.1184842
33.6832744, -98.1187634
33.6833989, -98.1190427
33.6835237, -98.1193219
33.6836484, -98.1196011
33.683773, -98.1198803
33.6838977, -98.1201596
33.6840224, -98.1204388
33.6841469, -98.120718
33.6842717, -98.1209973
33.6843964, -98.1212765
33.684521, -98.1215557
33.6846457, -98.1218349
33.6847704, -98.1221142
33.6848949, -98.1223934
33.6850197, -98.1226726
33.6851444, -98.1229519
33.6852691, -98.1232311
33.6853937, -98.1235103
33.6855184, -98.1237895
33.685643, -98.1240688
33.6857677, -98.124348
33.6858924, -98.1246272
33.6860169, -98.1249065
33.6861417, -98.1251857
33.6862664, -98.1254649
33.686391, -98.1257441
33.6865157, -98.1260234
33.6866404, -98.1263026
33.686765, -98.1265818
33.6868897, -98.126861
33.6870143, -98.1271403
33.687139, -98.1274195
33.6872637, -98.1276987
33.6873883, -98.1279779
33.6875128, -98.1282572
33.6876376, -98.1285364
33.6877623, -98.1288156
33.6878869, -98.1290948
33.6880116, -98.1293741
33.6881363, -98.1296533
33.6882609, -98.1299325
33.6883856, -98.1302118
33.6885102, -98.130491
33.6886349, -98.1307702
33.6887596, -98.1310494
33.6888842, -98.1313287
33.6890087, -98.1316079
33.6891335, -98.1318871
33.6892582, -98.1321663
33.6893828, -98.1324456
33.6895075, -98.1327248
33.6896322, -98.133004
33.6897568, -98.1332833
33.6898815, -98.1335625
33.6900061, -98.1338417
33.6901308, -98.1341209
33.6902555, -98.1344002
33.69038, -98.1346794
33.6905048, -98.1349586
33.6906295, -98.1352379
33.6907541, -98.1355171
33.6908788, -98.1357963
33.6910035, -98.1360756
33.6911281, -98.1363548
33.6912528, -98.136634
33.6913774, -98.1369132
33.6915021, -98.1371925
33.6916268, -98.1374717
33.6917514, -98.1377509
33.6918761, -98.1380302
33.6920008, -98.1383094
33.6921254, -98.1385886
33.6922499, -98.1388679
33.6923747, -98.1391471
33.6924994, -98.1394263
33.692624, -98.1397055
33.6927487, -98.1399848
33.6928734, -98.140264
33.692998, -98.1405432
33.6931227, -98.1408225
33.6932473, -98.1411017
33.693372, -98.1413809
33.6934967, -98.1416601
33.6936213, -98.1419394
33.693746, -98.1422186
33.6938707, -98.1424978
33.6939953, -98.1427771
33.6941198, -98.1430563
33.6942446, -98.1433355
33.6943693, -98.1436148
33.6944939, -98.143894
33.6946186, -98.1441732
33.6947433, -98.1444524
33.6948679, -98.1447317
33.6949926, -98.1450109
33.6951172, -98.1452901
33.6952419, -98.1455694
33.6953666, -98.1458486
33.6954912, -98.1461278
33.6956157, -98.1464071
33.6957405, -98.1466863
33.6958652, -98.1469655
33.6959898, -98.1472448
33.6961145, -98.147524
33.6962392, -98.1478032
33.6963638, -98.1480825
33.6964885, -98.1483617
33.6966131, -98.1486409
33.6967378, -98.1489201
33.6968625, -98.1491994
33.6969871, -98.1494786
33.6971118, -98.1497578
33.6972364, -98.1500371
33.6973611, -98.1503163
33.6974858, -98.1505955
33.6976104, -98.1508748
33.6977351, -98.151154
33.6978597, -98.1514332
33.6979844, -98.1517125
33.6981091, -98.1519917
33.6982337, -98.1522709
33.6983584, -98.1525501
33.698483, -98.1528294
33.6986077, -98.1531086
33.6987324, -98.1533878
33.6988569, -98.153667
33.6989817, -98.1539463
33.6991064, -98.1542255
33.699231, -98.1545047
33.6993557, -98.154784
33.6994804, -98.1550632
33.699605, -98.1553424
33.6997297, -98.1556217
33.6998543, -98.1559009
33.699979, -98.1561801
33.7001037, -98.1564593
33.7002283, -98.1567386
33.700353, -98.1570178
33.7004776, -98.157297
33.7006023, -98.1575762
33.7007268, -98.1578555
33.7008516, -98.1581347
33.7009763, -98.1584139
33.7011009, -98.1586932



Sure, here are the coordinates with longitude first, followed by latitude:

-98.0071707, 33.6311529
-98.0071699, 33.6311542
-98.0041917, 33.6312267
-98.004461, 33.631361
-98.0047309, 33.6314973
-98.0050029, 33.6316325
-98.0052734, 33.6317687
-98.0055419, 33.6319026
-98.0058096, 33.632038
-98.0060796, 33.6321719
-98.0063513, 33.6323072
-98.0066239, 33.6324426
-98.0068952, 33.6325782
-98.0071705, 33.6327134
-98.0074386, 33.6328505
-98.0077091, 33.6329862
-98.0079808, 33.6331215
-98.0082534, 33.6332579
-98.0085269, 33.6333942
-98.0087974, 33.6335292
-98.0090712, 33.6336652
-98.0093413, 33.6338009
-98.0096128, 33.6339371
-98.009887, 33.6340739
-98.0101595, 33.63421
-98.0104305, 33.6343459
-98.0107033, 33.6344809
-98.0109741, 33.6346166
-98.011247, 33.6347534
-98.0115183, 33.6348888
-98.0117898, 33.6350243
-98.0120615, 33.6351608
-98.0123342, 33.6352959
-98.0126061, 33.6354325
-98.0128768, 33.6355672
-98.0131508, 33.6357028
-98.0134214, 33.6358392
-98.0136938, 33.6359752
-98.0139673, 33.6361109
-98.014237, 33.6362465
-98.0145104, 33.6363824
-98.0147823, 33.6365194
-98.0150541, 33.6366551
-98.0153281, 33.6367922
-98.0156097, 33.636907
-98.0158848, 33.6370334
-98.0161607, 33.6371651
-98.0164348, 33.6372959
-98.0167124, 33.6374263
-98.0169866, 33.6375579
-98.0172607, 33.637691
-98.0175337, 33.6378217
-98.017809, 33.637954
-98.018085, 33.6380858
-98.0183581, 33.6382177
-98.0186345, 33.638348
-98.018907, 33.6384801
-98.019183, 33.6386123
-98.0194584, 33.6387441
-98.0197325, 33.6388762
-98.0200076, 33.639008
-98.0202831, 33.6391403
-98.0205578, 33.6392716
-98.0208343, 33.6394043
-98.0211074, 33.6395353
-98.021381, 33.6396666
-98.0216563, 33.6397996
-98.0219325, 33.639931
-98.0222071, 33.640063
-98.0224818, 33.6401955
-98.0227573, 33.6403266
-98.0230327, 33.640458
-98.0233072, 33.6405904
-98.0235817, 33.6407222
-98.0238554, 33.6408524
-98.02413, 33.6409841
-98.0244046, 33.6411155
-98.0246787, 33.6412478
-98.0249543, 33.6413786
-98.0252287, 33.6415097
-98.0255034, 33.6416408
-98.0257781, 33.6417725
-98.0260533, 33.6419039
-98.0263285, 33.6420347
-98.0266029, 33.642166
-98.0268786, 33.6422973
-98.0271532, 33.6424287
-98.0274287, 33.6425601
-98.027704, 33.6426909
-98.0279784, 33.6428223
-98.028253, 33.6429536
-98.0285293, 33.6430857
-98.0288045, 33.6432171
-98.0290794, 33.6433485
-98.0293558, 33.6434799
-98.029631, 33.6436107
-98.0299072, 33.6437421
-98.0301828, 33.6438734
-98.030458, 33.6440041
-98.0307323, 33.6441355
-98.0310067, 33.6442669
-98.0312829, 33.6443983
-98.0315581, 33.6445291
-98.031833, 33.6446605
-98.0321082, 33.6447918
-98.0323844, 33.6449232
-98.0326593, 33.6450549
-98.0329345, 33.6451862
-98.0332112, 33.6453176
-98.0334861, 33.6454493
-98.0337613, 33.6455806
-98.0340373, 33.6457113
-98.0343137, 33.6458426
-98.0345888, 33.645974
-98.0348649, 33.6461053
-98.0351398, 33.6462366
-98.0354157, 33.6463673
-98.0356919, 33.6464987
-98.0359682, 33.6466304
-98.0362431, 33.6467617
-98.0365193, 33.6468934
-98.0367958, 33.6470248
-98.0370707, 33.6471561
-98.037346, 33.6472875
-98.0376219, 33.6474192
-98.0378971, 33.6475505
-98.0381736, 33.6476822
-98.0384485, 33.6478136
-98.0387247, 33.6479449
-98.0389995, 33.6480766
-98.0392756, 33.648208
-98.0395511, 33.6483393
-98.0398257, 33.6484706
-98.0401011, 33.648602
-98.040376, 33.6487333
-98.0406519, 33.648865
-98.0409273, 33.6489963
-98.0412017, 33.6491277
-98.0414769, 33.649259
-98.0417523, 33.6493907
-98.0420271, 33.6495218
-98.0423033, 33.6496529
-98.0425786, 33.6497842
-98.042854, 33.6499159
-98.0431298, 33.6500472
-98.0434046, 33.6501785
-98.0436804, 33.6503098
-98.0439553, 33.6504415
-98.0442307, 33.6505729
-98.0445065, 33.6507042
-98.0447813, 33.6508355
-98.0450561, 33.6509669
-98.0453314, 33.6510986
-98.0456078, 33.6512299
-98.045883, 33.6513613
-98.0461577, 33.6514926
-98.0464325, 33.6516239
-98.0467084, 33.6517556
-98.046983, 33.6518869
-98.0472583, 33.6520183
-98.0475344, 33.6521496
-98.0478093, 33.6522813
-98.0480842, 33.6524126
-98.0483606, 33.6525443
-98.048635, 33.6526756
-98.0489097, 33.652807
-98.0491845, 33.6529387
-98.0494603, 33.65307
-98.0497356, 33.6532013
-98.0500104, 33.6533326
-98.0502862, 33.6534643
-98.050561, 33.6535956
-98.0508359, 33.6537273
-98.0511123, 33.6538587
-98.0513865, 33.6539897
-98.0516629, 33.654121
-98.0519378, 33.6542523
-98.052213, 33.654384
-98.0524878, 33.6545153
-98.0527636, 33.6546466
-98.0530384, 33.6547783
-98.0533143, 33.6549097
-98.0535887, 33.655041
-98.053864, 33.6551723
-98.0541392, 33.6553037
-98.0544151, 33.6554354
-98.0546904, 33.6555667
-98.0549653, 33.6556977
-98.0552406, 33.6558291
-98.0555164, 33.6559604
-98.0557916, 33.6560917
-98.0560674, 33.6562234
-98.0563427, 33.6563547
-98.0566186, 33.6564861
-98.0568929, 33.6566178
-98.0571682, 33.6567491
-98.057443, 33.6568804
-98.0577189, 33.6570117
-98.0579937, 33.6571431
-98.0582696, 33.6572744
-98.0585439, 33.6574057
-98.0588198, 33.6575371
-98.0590946, 33.6576684
-98.0593695, 33.6577997
-98.0596448, 33.6579311
-98.0599207, 33.6580624
-98.0601955, 33.6581937
-98.0604703, 33.658325

Set2

-98.0607456, 33.6584564
-98.0610204, 33.6585877
-98.0612952, 33.6587187
-98.0615701, 33.6588501
-98.061845, 33.6589814
-98.0621203, 33.6591127
-98.0623962, 33.6592441
-98.0626705, 33.6593754
-98.0629464, 33.6595067
-98.0632206, 33.6596381
-98.0634965, 33.6597694
-98.0637713, 33.6599007
-98.0640461, 33.6600321
-98.0643209, 33.6601634
-98.0645968, 33.6602947
-98.0648721, 33.6604261
-98.0651479, 33.6605574
-98.0654217, 33.6606887
-98.0656965, 33.6608201
-98.0659724, 33.6609514
-98.0662466, 33.6610827
-98.0665225, 33.6612141
-98.0667974, 33.6613454
-98.0670722, 33.6614767
-98.0673475, 33.6616081
-98.0676234, 33.6617394
-98.0678976, 33.6618707
-98.0681735, 33.6620021
-98.0684484, 33.6621334
-98.0687226, 33.6622647
-98.0689985, 33.6623961
-98.0692727, 33.6625274
-98.0695486, 33.6626587
-98.0698235, 33.6627901
-98.0700977, 33.6629214
-98.0703736, 33.6630527
-98.0706485, 33.6631841
-98.0709227, 33.6633154
-98.0711986, 33.6634467
-98.0714728, 33.6635781
-98.0717487, 33.6637094
-98.0720235, 33.6638407
-98.0722984, 33.6639721
-98.0725733, 33.6641034
-98.0728475, 33.6642347
-98.0731233, 33.6643661
-98.0733982, 33.6644974
-98.0736723, 33.6646287
-98.0739482, 33.6647601
-98.0742231, 33.6648914
-98.0744973, 33.6650227
-98.0747731, 33.6651541
-98.0750473, 33.6652854
-98.0753231, 33.6654167
-98.0755972, 33.6655481
-98.075873, 33.6656794
-98.0761471, 33.6658107
-98.0764229, 33.6659421
-98.0766971, 33.6660734
-98.076973, 33.6662047
-98.0772471, 33.6663361
-98.077522, 33.6664674
-98.0777972, 33.6665987
-98.078072, 33.6667301
-98.0783461, 33.6668614
-98.078621, 33.6669927
-98.0788959, 33.6671241
-98.0791701, 33.6672554
-98.079446, 33.6673867
-98.0797201, 33.6675181
-98.079996, 33.6676494
-98.0802709, 33.6677807
-98.0805451, 33.6679121
-98.080821, 33.6680434
-98.0810951, 33.6681747
-98.081371, 33.6683061
-98.0816451, 33.6684374
-98.081921, 33.6685687
-98.0821951, 33.6687001
-98.082471, 33.6688314
-98.0827459, 33.6689627
-98.0830201, 33.6690941
-98.083296, 33.6692254
-98.0835709, 33.6693567
-98.0838451, 33.6694881
-98.084121, 32.66666
-98.0843952, 32.6667914
-98.0846711, 32.6669227
-98.0849453, 32.6670541
-98.0852212, 32.6671854
-98.0854953, 32.6673167
-98.0857712, 32.6674481
-98.0860453, 32.6675794
-98.0863212, 32.6677107
-98.0865953, 32.6678421
-98.0868712, 32.6679734
-98.0871453, 32.6681047
-98.0874212, 32.6682361
-98.0876953, 32.6683674
-98.0879712, 32.6684987
-98.0882453, 32.6686301
-98.0885211, 32.6687614
-98.0887953, 32.6688927
-98.0890711, 32.6690241
-98.0893452, 32.6691554
-98.0896211, 32.6692867
-98.0898952, 32.6694181
-98.0901711, 32.6695494
-98.0904452, 32.6696807
-98.0907211, 32.6698121
-98.0909952, 32.6699434
-98.091271, 32.6700747
-98.0915451, 32.6702061
-98.091821, 32.6703374
-98.0920951, 32.6704687
-98.092371, 32.6706001
-98.0926451, 32.6707314
-98.092921, 32.6708627
-98.0931952, 32.6709941
-98.093471, 32.6711254
-98.0937452, 32.6712567
-98.094021, 32.6713881
-98.0942951, 32.6715194
-98.094571, 32.6716507
-98.0948451, 32.6717821
-98.095121, 32.6719134
-98.0953951, 32.6720447
-98.095671, 32.6721761
-98.0959451, 32.6723074
-98.096221, 32.6724387
-98.0964952, 32.6725701
-98.096771, 32.6727014
-98.0970452, 32.6728327
-98.0973211, 32.6729641
-98.0975952, 32.6730954
-98.0978711, 32.6732267
-98.0981452, 32.6733581
-98.098421, 32.6734894
-98.0986952, 32.6736207
-98.0989711, 32.6737521
-98.0992453, 32.6738834
-98.0995211, 32.6740147
-98.0997952, 32.6741461
-98.100071, 32.6742774
-98.1003452, 32.6744087
-98.100621, 32.6745401
-98.1008951, 32.6746714
-98.1011711, 32.6748027
-98.1014452, 32.6749341
-98.1017211, 32.6750654
-98.1019952, 32.6751967
-98.1022711, 32.6753281
-98.1025452, 32.6754594
-98.1028211, 32.6755907
-98.1030953, 32.6757221
-98.1033711, 32.6758534
-98.1036453, 32.6759847
-98.1039211, 32.6761161
-98.1041953, 32.6762474
-98.1044711, 32.6763787
-98.1047453, 32.6765101
-98.1050212, 32.6766414
-98.1052953, 32.6767727
-98.1055712, 32.6769041
-98.1058453, 32.6770354
-98.1061212, 32.6771667
-98.1063953, 32.6772981
-98.1066712, 32.6774294
-98.1069453, 32.6775607
-98.1072211, 32.6776921
-98.1074953, 32.6778234
-98.1077712, 32.6779547
-98.1080453, 32.6780861
-98.1083212, 32.6782174
-98.1085953, 32.6783487
-98.1088712, 32.6784801
-98.1091454, 32.6786114
-98.1094212, 32.6787427
-98.1096953, 32.6788741
-98.1099712, 32.6790054
-98.1102454, 32.6791367
-98.1105213, 32.6792681
-98.1107954, 32.6793994
-98.1110712, 32.6795307
-98.1113454, 32.6796621
-98.1116212, 32.6797934
-98.1118954, 32.6799247
-98.1121713, 32.6800561
-98.1124454, 32.6801874
-98.1127213, 32.6803187
-98.1129954, 32.6804501
-98.1132712, 32.6805814
-98.1135454, 32.6807127
-98.1138212, 32.6808441
-98.1140954, 32.6809754
-98.1143712, 32.6811067
-98.1146454, 32.6812381
-98.1149213, 32.6813694
-98.1151954, 32.6815007
-98.1154713, 32.6816321
-98.1157454, 32.6817634
-98.1160213, 32.6818947
-98.1162954, 32.6820261
-98.1165713, 32.6821574
-98.1168455, 32.6822887
-98.1171213, 32.6824201
-98.1173955, 32.6825514
-98.1176714, 32.6826827
-98.1179455, 32.6828141
-98.1182213, 32.6829454
-98.1184955, 32.6830767
-98.1187713, 32.6832081
-98.1190455, 32.6833394
-98.1193213, 32.6834707
-98.1195955, 32.6836021
-98.1198714, 32.6837334
-98.1201455, 32.6838647
-98.1204214, 32.6839961
-98.1206955, 32.6841274
-98.1209714, 32.6842587
-98.1212455, 32.6843901
-98.1215214, 32.6845214
-98.1217955, 32.6846527
-98.1220714, 32.6847841
-98.1223456, 32.6849154
-98.1226214, 32.6850467
-98.1228956, 32.6851781
-98.1231714, 32.6853094
-98.1234456, 32.6854407
-98.1237214, 32.6855721
-98.1239956, 32.6857034
-98.1242715, 32.6858347
-98.1245456, 32.6859661
-98.1248215, 32.6860974
-98.1250956, 32.6862287
-98.1253715, 32.6863601
-98.1256456, 32.6864914
-98.1259215, 32.6866227
-98.1261956, 32.6867541
-98.1264715, 32.6868854
-98.1267457, 32.6870167
-98.1270215, 32.6871481
-98.1272957, 32.6872794
-98.1275715, 32.6874107

Set3

-98.1278457, 32.6875421
-98.1281215, 32.6876734
-98.1283957, 32.6878047
-98.1286716, 32.6879361
-98.1289457, 32.6880674
-98.1292215, 32.6881987
-98.1294957, 32.6883301
-98.1297715, 32.6884614
-98.1300457, 32.6885927
-98.1303216, 32.6887241
-98.1305957, 32.6888554
-98.1308716, 32.6889867
-98.1311457, 32.6891181
-98.1314216, 32.6892494
-98.1316957, 32.6893807
-98.1319716, 32.6895121
-98.1322457, 32.6896434
-98.1325216, 32.6897747
-98.1327957, 32.6899061
-98.1330716, 32.6900374
-98.1333458, 32.6901687
-98.1336216, 32.6903001
-98.1338958, 32.6904314
-98.1341716, 32.6905627
-98.1344458, 32.6906941
-98.1347217, 32.6908254
-98.1349958, 32.6909567
-98.1352717, 32.6910881
-98.1355458, 32.6912194
-98.1358217, 32.6913507
-98.1360959, 32.6914821
-98.1363717, 32.6916134
-98.1366459, 32.6917447
-98.1369218, 32.6918761
-98.1371959, 32.6920074
-98.1374718, 32.6921387
-98.1377459, 32.6922701
-98.1380218, 32.6924014
-98.1382959, 32.6925327
-98.1385718, 32.6926641
-98.1388459, 32.6927954
-98.1391218, 32.6929267
-98.1393959, 32.6930581
-98.1396718, 32.6931894
-98.139946, 32.6933207
-98.1402218, 32.6934521
-98.140496, 32.6935834
-98.1407719, 32.6937147
-98.141046, 32.6938461
-98.1413219, 32.6939774
-98.141596, 32.6941087
-98.1418719, 32.6942401
-98.142146, 32.6943714
-98.1424219, 32.6945027
-98.1426961, 32.6946341
-98.1429719, 32.6947654
-98.1432461, 32.6948967
-98.1435219, 32.6950281
-98.143797, 32.6951594
-98.1440719, 32.6952907
-98.144347, 32.6954221
-98.144622, 32.6955534
-98.1448962, 32.6956847
-98.145172, 32.6958161
-98.1454462, 32.6959474
-98.1457221, 32.6960787
-98.1459962, 32.6962101
-98.1462721, 32.6963414
-98.1465462, 32.6964727
-98.1468221, 32.6966041
-98.1470963, 32.6967354
-98.1473721, 32.6968667
-98.1476463, 32.6969981
-98.1479222, 32.6971294
-98.1481963, 32.6972607
-98.1484722, 32.6973921
-98.1487463, 32.6975234
-98.1490222, 32.6976547
-98.1492964, 32.6977861
-98.1495722, 32.6979174
-98.1498464, 32.6980487
-98.1501223, 32.6981801
-98.1503964, 32.6983114
-98.1506723, 32.6984427
-98.1509464, 32.6985741
-98.1512223, 32.6987054
-98.1514964, 32.6988367
-98.1517723, 32.6989681
-98.1520464, 32.6990994
-98.1523223, 32.6992307
-98.1525965, 32.6993621
-98.1528723, 32.6994934
-98.1531465, 32.6996247
-98.1534223, 32.6997561
-98.1536965, 32.6998874
-98.1539723, 32.7000187
-98.1542465, 32.7001501
-98.1545224, 32.7002814
-98.1547965, 32.7004127
-98.1550724, 32.7005441
-98.1553466, 32.7006754
-98.1556224, 32.7008067
-98.1558966, 32.7009381
-98.1561724, 32.7010694
-98.1564466, 32.7012007
-98.1567224, 32.7013321
-98.1569966, 32.7014634
-98.1572725, 32.7015947
-98.1575466, 32.7017261
-98.1578225, 32.7018574
-98.1580966, 32.7019887
-98.1583725, 32.7021201
-98.1586467, 32.7022514
-98.1589225, 32.7023827
-98.1591967, 32.7025141
-98.1594726, 32.7026454
-98.1597467, 32.7027767
-98.1600226, 32.7029081
-98.1602967, 32.7030394
-98.1605726, 32.7031707
-98.1608468, 32.7033021
-98.1611226, 32.7034334
-98.1613968, 32.7035647
-98.1616726, 32.7036961
-98.1619468, 32.7038274
-98.1622227, 32.7039587
-98.1624968, 32.7040901
-98.1627727, 32.7042214
-98.1630468, 32.7043527
-98.1633227, 32.7044841
-98.1635968, 32.7046154
-98.1638727, 32.7047467
-98.1641469, 32.7048781
-98.1644227, 32.7050094
-98.1646969, 32.7051407
-98.1649727, 32.7052721
-98.1652469, 32.7054034
-98.1655228, 32.7055347
-98.1657969, 32.7056661
-98.1660728, 32.7057974
-98.1663469, 32.7059287
-98.1666228, 32.7060601
-98.1668969, 32.7061914
-98.1671728, 32.7063227
-98.1674469, 32.7064541
-98.1677228, 32.7065854
-98.167997, 32.7067167
-98.1682729, 32.7068481
-98.168547, 32.7069794
-98.1688229, 32.7071107
-98.169097, 32.7072421
-98.1693729, 32.7073734
-98.169647, 32.7075047
-98.1699229, 32.7076361
-98.1701971, 32.7077674
-98.1704729, 32.7078987
-98.1707471, 32.7080301
-98.171023, 32.7081614
-98.1712971, 32.7082927
-98.171573, 32.7084241
-98.1718471, 32.7085554
-98.172123, 32.7086867
-98.1723971, 32.7088181
-98.172673, 32.7089494
-98.1729471, 32.7090807
-98.173223, 32.7092121
-98.1734972, 32.7093434
-98.173773, 32.7094747
-98.1740472, 32.7096061
-98.1743231, 32.7097374
-98.1745972, 32.7098687
-98.1748731, 32.71
-98.1751472, 32.7101314
-98.1754231, 32.7102627
-98.1756973, 32.7103941
-98.1759731, 32.7105254
-98.1762473, 32.7106567
-98.1765232, 32.7107881
-98.1767973, 32.7109194
-98.1770732, 32.7110507
-98.1773473, 32.7111821
-98.1776232, 32.7113134
-98.1778973, 32.7114447
-98.1781732, 32.7115761
-98.1784474, 32.7117074
-98.1787232, 32.7118387
-98.1789974, 32.7119701
-98.1792733, 32.7121014
-98.1795474, 32.7122327
-98.1798233, 32.7123641
-98.1800974, 32.7124954
-98.1803733, 32.7126267
-98.1806474, 32.7127581
-98.1809233, 32.7128894
-98.1811975, 32.7130207
-98.1814733, 32.7131521
-98.1817475, 32.7132834
-98.1820234, 32.7134147
-98.1822975, 32.7135461
-98.1825734, 32.7136774
-98.1828475, 32.7138087
-98.1831234, 32.7139401
-98.1833975, 32.7140714
-98.1836734, 32.7142027
-98.1839476, 32.7143341
-98.1842234, 32.7144654
-98.1844976, 32.7145967
-98.1847735, 32.7147281
-98.1850476, 32.7148594
-98.1853235, 32.7149907
-98.1855976, 32.7151221
-98.1858735, 32.7152534
-98.1861477, 32.7153847
-98.1864235, 32.7155161
-98.1866977, 32.7156474
-98.1869736, 32.7157787
-98.1872477, 32.7159101
-98.1875236, 32.7160414
-98.1877977, 32.7161727
-98.1880736, 32.7163041
-98.1883477, 32.7164354
-98.1886236, 32.7165667
-98.1888978, 32.7166981
-98.1891736, 32.7168294
-98.1894478, 32.7169607
-98.1897237, 32.7170921
-98.1899978, 32.7172234
-98.1902737, 32.7173547
-98.1905478, 32.7174861
-98.1908237, 32.7176174
-98.1910978, 32.7177487
-98.1913737, 32.7178801
-98.1916479, 32.7180114
-98.1919237, 32.7181427
-98.1921979, 32.7182741
-98.1924738, 32.7184054
-98.1927479, 32.7185367
-98.1930238, 32.7186681
-98.1932979, 32.7187994
-98.1935738, 32.7189307
-98.1938479, 32.7190621
-98.1941238, 32.7191934
-98.1943979, 32.7193247
-98.1946738, 32.7194561
-98.1949479, 32.7195874
-98.1952238, 32.7197187
-98.1954979, 32.7198501
-98.1957738, 32.7199814
-98.196048, 32.7201127
-98.1963238, 32.7202441
-98.1965979, 32.7203754
-98.1968738, 32.7205067
-98.1971479, 32.7206381
-98.1974238, 32.7207694
-98.1976979, 32.7209007
-98.1979738, 32.7210321
-98.1982479, 32.7211634
-98.1985238, 32.7212947
-98.1987979, 32.7214261
-98.1990738, 32.7215574
-98.1993479, 32.7216887
-98.1996238, 32.7218201
-98.1998979, 32.7219514
-98.2001738, 32.7220827
-98.2004479, 32.7222141
-98.2007238, 32.7223454
-98.2009979, 32.7224767
-98.2012738, 32.7226081
-98.2015479, 32.7227394
-98.2018238, 32.7228707
-98.2020979, 32.7230021
-98.2023738, 32.7231334
-98.2026479, 32.7232647
-98.2029238, 32.7233961
-98.2031979, 32.7235274
-98.2034738, 32.7236587
-98.203748, 32.7237901
-98.2040238, 32.7239214
-98.2042979, 32.7240527
-98.2045738, 32.7241841
-98.2048479, 32.7243154
-98.2051238, 32.7244467
-98.2053979, 32.7245781
-98.2056738, 32.7247094
-98.2059479, 32.7248407
-98.2062238, 32.7249721
-98.2064979, 32.7251034
-98.2067738, 32.7252347
-98.2070479, 32.7253661
-98.2073238, 32.7254974
-98.2075979, 32.7256287
-98.2078738, 32.7257601
-98.2081479, 32.7258914
-98.2084238, 32.7260227
-98.2086979, 32.7261541
-98.2089738, 32.7262854
-98.2092479, 32.7264167
-98.2095238, 32.7265481
-98.2097979, 32.7266794
-98.2100738, 32.7268107
-98.2103479, 32.7269421
-98.2106238, 32.7270734
-98.2108979, 32.7272047
-98.2111738, 32.7273361
-98.2114479, 32.7274674
-98.2117238, 32.7275987
-98.2119979, 32.7277301
-98.2122738, 32.7278614
-98.2125479, 32.7279927
-98.2128238, 32.7281241
-98.2130979, 32.7282554
-98.2133738, 32.7283867
-98.2136479, 32.7285181
-98.2139238, 32.7286494
-98.2141979, 32.7287807
-98.2144738, 32.7289121
-98.2147479, 32.7290434
-98.2150238, 32.7291747
-98.2152979, 32.7293061
-98.2155738, 32.7294374
-98.2158479, 32.7295687
-98.2161238, 32.7297001
-98.2163979, 32.7298314
-98.2166738, 32.7299627
-98.2169479, 32.7300941
-98.2172238, 32.7302254
-98.2174979, 32.7303567
-98.2177738, 32.7304881
-98.2180479, 32.7306194
-98.2183238, 32.7307507
-98.2185979, 32.7308821
-98.2188738, 32.7310134
-98.2191479, 32.7311447
-98.2194238, 32.7312761
-98.2196979, 32.7314074
-98.2199738, 32.7315387
-98.2202479, 32.7316701
-98.2205238, 32.7318014
-98.2207979, 32.7319327
-98.2210738, 32.7320641
-98.2213479, 32.7321954
-98.2216238, 32.7323267
-98.2218979, 32.7324581
-98.2221738, 32.7325894
-98.2224479, 32.7327207
-98.2227238, 32.7328521
-98.2229979, 32.7329834
-98.2232738, 32.7331147
-98.2235479, 32.7332461
-98.2238238, 32.7333774
-98.2240979, 32.7335087
-98.2243738, 32.7336401
-98.2246479, 32.7337714
-98.2249238, 32.7339027
-98.2251979, 32.7340341
-98.2254738, 32.7341654
-98.2257479, 32.7342967
-98.2260238, 32.7344281
-98.2262979, 32.7345594
-98.2265738, 32.7346907
-98.2268479, 32.7348221
-98.2271238, 32.7349534
-98.2273979, 32.7350847
-98.2276738, 32.7352161
-98.2279479, 32.7353474
-98.2282238, 32.7354787
-98.2284979, 32.7356101
-98.2287738, 32.7357414
-98.2290479, 32.7358727
-98.2293238, 32.7360041
-98.2295979, 32.7361354
-98.2298738, 32.7362667
-98.2301479, 32.7363981
-98.2304238, 32.7365294
-98.2306979, 32.7366607
-98.2309738, 32.7367921
-98.2312479, 32.7369234
-98.2315238, 32.7370547
-98.2317979, 32.7371861
-98.2320738, 32.7373174
-98.2323479, 32.7374487
-98.2326238, 32.7375801
-98.2328979, 32.7377114
-98.2331738, 32.7378427
-98.2334479, 32.7379741
-98.2337238, 32.7381054
-98.2339979, 32.7382367
-98.2342738, 32.7383681
-98.2345479, 32.7384994
-98.2348238, 32.7386307
-98.2350979, 32.7387621
-98.2353738, 32.7388934
-98.2356479, 32.7390247
-98.2359238, 32.7391561
-98.2361979, 32.7392874
-98.2364738, 32.7394187
-98.2367479, 32.7395501
-98.2370238, 32.7396814
-98.2372979, 32.7398127
-98.2375738, 32.7399441
-98.2378479, 32.7400754
-98.2381238, 32.7402067
-98.2383979, 32.7403381
-98.2386738, 32.7404694
-98.2389479, 32.7406007
-98.2392238, 32.7407321
-98.2394979, 32.7408634
-98.2397738, 32.7409947
-98.2400479, 32.7411261
-98.2403238, 32.7412574
-98.2405979, 32.7413887
-98.2408738, 32.7415201
-98.2411479, 32.7416514
-98.2414238, 32.7417827
-98.2416979, 32.7419141
-98.2419738, 32.7420454
-98.2422479, 32.7421767
-98.2425238, 32.7423081
-98.2427979, 32.7424394
-98.2430738, 32.7425707
-98.2433479, 32.7427021
-98.2436238, 32.7428334
-98.2438979, 32.7429647
-98.2441738, 32.7430961
-98.2444479, 32.7432274
-98.2447238, 32.7433587
-98.2449979, 32.7434901
-98.2452738, 32.7436214
-98.2455479, 32.7437527
-98.2458238, 32.7438841
-98.2460979, 32.7440154
-98.2463738, 32.7441467
-98.2466479, 32.7442781
-98.2469238, 32.7444094
-98.2471979, 32.7445407
-98.2474738, 32.7446721
-98.2477479, 32.7448034
-98.2480238, 32.7449347
-98.2482979, 32.7450661
-98.2485738, 32.7451974
-98.2488479, 32.7453287
-98.2491238, 32.7454601
-98.2493979, 32.7455914
-98.2496738, 32.7457227
-98.2499479, 32.7458541
-98.2502238, 32.7459854
-98.2504979, 32.7461167
-98.2507738, 32.7462481
-98.2510479, 32.7463794
-98.2513238, 32.7465107
-98.2515979, 32.7466421
-98.2518738, 32.7467734
-98.2521479, 32.7469047
-98.2524238, 32.7470361
-98.2526979, 32.7471674
-98.2529738, 32.7472987
-98.2532479, 32.7474301
-98.2535238, 32.7475614


[
  {
    'type': 'Feature',
    'geometry': {
      'type': 'Point',
      'coordinates': [-98.0071707, 33.6311529]
    },
    'properties': {
      'title': 'Point',
      'description': 'This is data-text example'
    }
  },
  {
    'type': 'Feature',
    'geometry': {
      'type': 'Point',
      'coordinates': [-98.0071699, 33.6311542]
    },
    'properties': {
      'title': 'Point',
      'description': 'This is data-text example'
    }
  },
  {
    'type': 'Feature',
    'geometry': {
      'type': 'Point',
      'coordinates': [-98.0041917, 33.6312267]
    },
    'properties': {
      'title': 'Point',
      'description': 'This is data-text example'
    }
  },
  {
    'type': 'Feature',
    'geometry': {
      'type': 'Point',
      'coordinates': [-98.004461, 33.631361]
    },
    'properties': {
      'title': 'Point',
      'description': 'This is data-text example'
    }
  },
  {
    'type': 'Feature',
    'geometry': {
      'type': 'Point',
      'coordinates': [-98.0047309, 33.6314973]
    },
    'properties': {
      'title': 'Point',
      'description': 'This is data-text example'
    }
  },
  {
    'type': 'Feature',
    'geometry': {
      'type': 'Point',
      'coordinates': [-98.0050029, 33.6316325]
    },
    'properties': {
      'title': 'Point',
      'description': 'This is data-text example'
    }
  },
  {
    'type': 'Feature',
    'geometry': {
      'type': 'Point',
      'coordinates': [-98.0052734, 33.6317687]
    },
    'properties': {
      'title': 'Point',
      'description': 'This is data-text example'
    }
  },
  {
    'type': 'Feature',
    'geometry': {
      'type': 'Point',
      'coordinates': [-98.0055419, 33.6319026]
    },
    'properties': {
      'title': 'Point',
      'description': 'This is data-text example'
    }
  },
  {
    'type': 'Feature',
    'geometry': {
      'type': 'Point',
      'coordinates': [-98.0058096, 33.632038]
    },
    'properties': {
      'title': 'Point',
      'description': 'This is data-text example'
    }
  },
  {
    'type': 'Feature',
    'geometry': {
      'type': 'Point',
      'coordinates': [-98.0060796, 33.6321719]
    },
    'properties': {
      'title': 'Point',
      'description': 'This is data-text example'
    }
  },
  {
    'type': 'Feature',
    'geometry': {
      'type': 'Point',
      'coordinates': [-98.0063513, 33.6323072]
    },
    'properties': {
      'title': 'Point',
      'description': 'This is data-text example'
    }
  },
  {
    'type': 'Feature',
    'geometry': {
      'type': 'Point',
      'coordinates': [-98.0066239, 33.6324426]
    },
    'properties': {
      'title': 'Point',
      'description': 'This is data-text example'
    }
  },
  {
    'type': 'Feature',
    'geometry': {
      'type': 'Point',
      'coordinates': [-98.0068952, 33.6325782]
    },
    'properties': {
      'title': 'Point',
      'description': 'This is data-text example'
    }
  },
  {
    'type': 'Feature',
    'geometry': {
      'type': 'Point',
      'coordinates': [-98.0071705, 33.6327134]
    },
    'properties': {
      'title': 'Point',
      'description': 'This is data-text example'
    }
  },
  {
    'type': 'Feature',
    'geometry': {
      'type': 'Point',
      'coordinates': [-98.0074386, 33.6328505]
    },
    'properties': {
      'title': 'Point',
      'description': 'This is data-text example'
    }
  },
  {
    'type': 'Feature',
    'geometry': {
      'type': 'Point',
      'coordinates': [-98.0077091, 33.6329862]
    },
    'properties': {
      'title': 'Point',
      'description': 'This is data-text example'
    }
  },
  {
    'type': 'Feature',
    'geometry': {
      'type': 'Point',
      'coordinates': [-98.0079808, 33.6331215]
    },
    'properties': {
      'title': 'Point',
      'description': 'This is data-text example'
    }
  },
  {
    'type': 'Feature',
    'geometry': {
      'type': 'Point',
      'coordinates': [-98.0082534, 33.6332579]
    },
    'properties': {
      'title': 'Point',
      'description': 'This is data-text example'
    }
  },
  {
    'type': 'Feature',
    'geometry': {
      'type': 'Point',
      'coordinates': [-98.0085269, 33.6333942]
    },
    'properties': {
      'title': 'Point',
      'description': 'This is data-text example'
    }
  },
  {
    'type': 'Feature',
    'geometry': {
      'type': 'Point',
      'coordinates': [-98.0087974, 33.6335292]
    },
    'properties': {
      'title': 'Point',
      'description': 'This is data-text example'
    }
  },
  {
    'type': 'Feature',
    'geometry': {
      'type': 'Point',
      'coordinates': [-98.0090712, 33.6336652]
    },
    'properties': {
      'title': 'Point',
      'description': 'This is data-text example'
    }
  },
  {
    'type': 'Feature',
    'geometry': {
      'type': 'Point',
      'coordinates': [-98.0093413, 33.6338009]
    },
    'properties': {
      'title': 'Point',
      'description': 'This is data-text example'
    }
  },
  {
    'type': 'Feature',
    'geometry': {
      'type': 'Point',
      'coordinates': [-98.0096128, 33.6339371]
    },
    'properties': {
      'title': 'Point',
      'description': 'This is data-text example'
    }
  },
  {
    'type': 'Feature',
    'geometry': {
      'type': 'Point',
      'coordinates': [-98.009887, 33.6340739]
    },
    'properties': {
      'title': 'Point',
      'description': 'This is data-text example'
    }
  },
  {
    'type': 'Feature',
    'geometry': {
      'type': 'Point',
      'coordinates': [-98.0101595, 33.63421]
    },
    'properties': {
      'title': 'Point',
      'description': 'This is data-text example'
    }
  },
  {
    'type': 'Feature',
    'geometry': {
      'type': 'Point',
      'coordinates': [-98.0104305, 33.6343459]
    },
    'properties': {
      'title': 'Point',
      'description': 'This is data-text example'
    }
  },
  {
    'type': 'Feature',
    'geometry': {
      'type': 'Point',
      'coordinates': [-98.0107033, 33.6344809]
    },
    'properties': {
      'title': 'Point',
      'description': 'This is data-text example'
    }
  },
  {
    'type': 'Feature',
    'geometry': {
      'type': 'Point',
      'coordinates': [-98.0109741, 33.6346166]
    },
    'properties': {
      'title': 'Point',
      'description': 'This is data-text example'
    }
  },
  {
    'type': 'Feature',
    'geometry': {
      'type': 'Point',
      'coordinates': [-98.011247, 33.6347534]
    },
    'properties': {
      'title': 'Point',
      'description': 'This is data-text example'
    }
  },
  {
    'type': 'Feature',
    'geometry': {
      'type': 'Point',
      'coordinates': [-98.0115183, 33.6348888]
    },
    'properties': {
      'title': 'Point',
      'description': 'This is data-text example'
    }
  },
  {
    'type': 'Feature',
    'geometry': {
      'type': 'Point',
      'coordinates': [-98.0117898, 33.6350243]
    },
    'properties': {
      'title': 'Point',
      'description': 'This is data-text example'
    }
  },
  {
    'type': 'Feature',
    'geometry': {
      'type': 'Point',
      'coordinates': [-98.0120615, 33.6351608]
    },
    'properties': {
      'title': 'Point',
      'description': 'This is data-text example'
    }
  },
  {
    'type': 'Feature',
    'geometry': {
      'type': 'Point',
      'coordinates': [-98.0123342, 33.6352959]
    },
    'properties': {
      'title': 'Point',
      'description': 'This is data-text example'
    }
  },
  {
    'type': 'Feature',
    'geometry': {
      'type': 'Point',
      'coordinates': [-98.0126061, 33.6354325]
    },
    'properties': {
      'title': 'Point',
      'description': 'This is data-text example'
    }
  },
  {
    'type': 'Feature',
    'geometry': {
      'type': 'Point',
      'coordinates': [-98.0128768, 33.6355672]
    },
    'properties': {
      'title': 'Point',
      'description': 'This is data-text example'
    }
  },
  {
    'type': 'Feature',
    'geometry': {
      'type': 'Point',
      'coordinates': [-98.0131508, 33.6357028]
    },
    'properties': {
      'title': 'Point',
      'description': 'This is data-text example'
    }
  },
  {
    'type': 'Feature',
    'geometry': {
      'type': 'Point',
      'coordinates': [-98.0134214, 33.6358392]
    },
    'properties': {
      'title': 'Point',
      'description': 'This is data-text example'
    }
  },
  {
    'type': 'Feature',
    'geometry': {
      'type': 'Point',
      'coordinates': [-98.0136938, 33.6359752]
    },
    'properties': {
      'title': 'Point',
      'description': 'This is data-text example'
    }
  },
  {
    'type': 'Feature',
    'geometry': {
      'type': 'Point',
      'coordinates': [-98.0139673, 33.6361109]
    },
    'properties': {
      'title': 'Point',
      'description': 'This is data-text example'
    }
  },
  {
    'type': 'Feature',
    'geometry': {
      'type': 'Point',
      'coordinates': [-98.014237, 33.6362465]
    },
    'properties': {
      'title': 'Point',
      'description': 'This is data-text example'
    }
  },
  {
    'type': 'Feature',
    'geometry': {
      'type': 'Point',
      'coordinates': [-98.0145104, 33.6363824]
    },
    'properties': {
      'title': 'Point',
      'description': 'This is data-text example'
    }
  },
  {
    'type': 'Feature',
    'geometry': {
      'type': 'Point',
      'coordinates': [-98.0147823, 33.6365194]
    },
    'properties': {
      'title': 'Point',
      'description': 'This is data-text example'
    }
  },
  {
    'type': 'Feature',
    'geometry': {
      'type': 'Point',
      'coordinates': [-98.0150541, 33.6366551]
    },
    'properties': {
      'title': 'Point',
      'description': 'This is data-text example'
    }
  },
  {
    'type': 'Feature',
    'geometry': {
      'type': 'Point',
      'coordinates': [-98.0153281, 33.6367922]
    },
    'properties': {
      'title': 'Point',
      'description': 'This is data-text example'
    }
  },
  {
    'type': 'Feature',
    'geometry': {
      'type': 'Point',
      'coordinates': [-98.0156097, 33.636907]
    },
    'properties': {
      'title': 'Point',
      'description': 'This is data-text example'
    }
  },
  {
    'type': 'Feature',
    'geometry': {
      'type': 'Point',
      'coordinates': [-98.0158848, 33.6370334]
    },
    'properties': {
      'title': 'Point',
      'description': 'This is data-text example'
    }
  },
  {
    'type': 'Feature',
    'geometry': {
      'type': 'Point',
      'coordinates': [-98.0161607, 33.6371651]
    },
    'properties': {
      'title': 'Point',
      'description': 'This is data-text example'
    }
  },
  {
    'type': 'Feature',
    'geometry': {
      'type': 'Point',
      'coordinates': [-98.0164348, 33.6372959]
    },
    'properties': {
      'title': 'Point',
      'description': 'This is data-text example'
    }
  },
  {
    'type': 'Feature',
    'geometry': {
      'type': 'Point',
      'coordinates': [-98.0167124, 33.6374263]
    },
    'properties': {
      'title': 'Point',
      'description': 'This is data-text example'
    }
  },
  {
    'type': 'Feature',
    'geometry': {
      'type': 'Point',
      'coordinates': [-98.0169866, 33.6375579]
    },
    'properties': {
      'title': 'Point',
      'description': 'This is data-text example'
    }
  },
  {
    'type': 'Feature',
    'geometry': {
      'type': 'Point',
      'coordinates': [-98.0172607, 33.637691]
    },
    'properties': {
      'title': 'Point',
      'description': 'This is data-text example'
    }
  },
  {
    'type': 'Feature',
    'geometry': {
      'type': 'Point',
      'coordinates': [-98.0175337, 33.6378217]
    },
    'properties': {
      'title': 'Point',
      'description': 'This is data-text example'
    }
  },
  {
    'type': 'Feature',
    'geometry': {
      'type': 'Point',
      'coordinates': [-98.017809, 33.637954]
    },
    'properties': {
      'title': 'Point',
      'description': 'This is data-text example'
    }
  },
  {
    'type': 'Feature',
    'geometry': {
      'type': 'Point',
      'coordinates': [-98.018085, 33.6380858]
    },
    'properties': {
      'title': 'Point',
      'description': 'This is data-text example'
    }
  },
  {
    'type': 'Feature',
    'geometry': {
      'type': 'Point',
      'coordinates': [-98.0183581, 33.6382177]
    },
    'properties': {
      'title': 'Point',
      'description': 'This is data-text example'
    }
  },
  {
    'type': 'Feature',
    'geometry': {
      'type': 'Point',
      'coordinates': [-98.0186345, 33.638348]
    },
    'properties': {
      'title': 'Point',
      'description': 'This is data-text example'
    }
  },
  {
    'type': 'Feature',
    'geometry': {
      'type': 'Point',
      'coordinates': [-98.018907, 33.6384801]
    },
    'properties': {
      'title': 'Point',
      'description': 'This is data-text example'
    }
  },
  {
    'type': 'Feature',
    'geometry': {
      'type': 'Point',
      'coordinates': [-98.019183, 33.6386123]
    },
    'properties': {
      'title': 'Point',
      'description': 'This is data-text example'
    }
  },
  {
    'type': 'Feature',
    'geometry': {
      'type': 'Point',
      'coordinates': [-98.0194584, 33.6387441]
    },
    'properties': {
      'title': 'Point',
      'description': 'This is data-text example'
    }
  },
  {
    'type': 'Feature',
    'geometry': {
      'type': 'Point',
      'coordinates': [-98.0197325, 33.6388762]
    },
    'properties': {
      'title': 'Point',
      'description': 'This is data-text example'
    }
  },
  {
    'type': 'Feature',
    'geometry': {
      'type': 'Point',
      'coordinates': [-98.0200076, 33.639008]
    },
    'properties': {
      'title': 'Point',
      'description': 'This is data-text example'
    }
  },
  {
    'type': 'Feature',
    'geometry': {
      'type': 'Point',
      'coordinates': [-98.0202831, 33.6391403]
    },
    'properties': {
      'title': 'Point',
      'description': 'This is data-text example'
    }
  },
  {
    'type': 'Feature',
    'geometry': {
      'type': 'Point',
      'coordinates': [-98.0205578, 33.6392716]
    },
    'properties': {
      'title': 'Point',
      'description': 'This is data-text example'
    }
  },
  {
    'type': 'Feature',
    'geometry': {
      'type': 'Point',
      'coordinates': [-98.0208343, 33.6394043]
    },
    'properties': {
      'title': 'Point',
      'description': 'This is data-text example'
    }
  },
  {
    'type': 'Feature',
    'geometry': {
      'type': 'Point',
      'coordinates': [-98.0211074, 33.6395353]
    },
    'properties': {
      'title': 'Point',
      'description': 'This is data-text example'
    }
  },
  {
    'type': 'Feature',
    'geometry': {
      'type': 'Point',
      'coordinates': [-98.021381, 33.6396666]
    },
    'properties': {
      'title': 'Point',
      'description': 'This is data-text example'
    }
  },
  {
    'type': 'Feature',
    'geometry': {
      'type': 'Point',
      'coordinates': [-98.0216563, 33.6397996]
    },
    'properties': {
      'title': 'Point',
      'description': 'This is data-text example'
    }
  },
  {
    'type': 'Feature',
    'geometry': {
      'type': 'Point',
      'coordinates': [-98.0219325, 33.639931]
    },
    'properties': {
      'title': 'Point',
      'description': 'This is data-text example'
    }
  },
  {
    'type': 'Feature',
    'geometry': {
      'type': 'Point',
      'coordinates': [-98.0222065, 33.6400627]
    },
    'properties': {
      'title': 'Point',
      'description': 'This is data-text example'
    }
  },
  {
    'type': 'Feature',
    'geometry': {
      'type': 'Point',
      'coordinates': [-98.0224828, 33.6401949]
    },
    'properties': {
      'title': 'Point',
      'description': 'This is data-text example'
    }
  }
]
